graph offline 7
[ [[  2.06057393e-13  -2.84217094e-14   0.00000000e+00]
 [  2.00000000e+01  -1.02318154e-12   0.00000000e+00]
 [  2.00000000e+01  -2.27373675e-13   1.57079633e+00]
 [  2.00000000e+01   2.00000000e+01   1.57079633e+00]
 [  2.00000000e+01   2.00000000e+01   3.14159265e+00]
 [  0.00000000e+00   2.00000000e+01   3.14159265e+00]
 [ -2.27373675e-13   2.00000000e+01   4.71238898e+00]
 [  0.00000000e+00  -2.27373675e-12   4.71238898e+00]
 [ -1.93267624e-12  -3.18323146e-12   6.28318531e+00]
 [  2.00000000e+01  -3.18323146e-12   6.28318531e+00]
 [  2.00000000e+01   4.54747351e-13   7.85398163e+00]]
 [[  2.00000000e+01   4.54747351e-13   0.00000000e+00]
 [  4.09933420e+02   4.89904506e+01   0.00000000e+00]
 [  2.40952775e+02  -3.12729201e+01   0.00000000e+00]
 [  1.86012507e+02   2.36637798e+01   0.00000000e+00]
 [  9.48704130e+01   4.00646584e+02   0.00000000e+00]
 [  1.40685712e+02   3.28810841e+02   0.00000000e+00]
 [  3.11197251e+00  -1.02941258e+02   0.00000000e+00]
 [  4.64982346e+01  -1.59795332e+02   0.00000000e+00]
 [ -4.41735897e+01  -2.59216463e+02   0.00000000e+00]
 [  2.74176452e+02   3.46951450e+00   0.00000000e+00]
 [  4.37293610e+02   1.09556625e+02   0.00000000e+00]
 [  2.10816868e+02   5.33840206e+01   0.00000000e+00]
 [  1.54926942e+02   4.26764562e+02   0.00000000e+00]]]

graph offline 6
[ [[  0.00000000e+00   3.55271368e-15   0.00000000e+00]
 [  2.00000000e+01   0.00000000e+00   0.00000000e+00]
 [  2.00000000e+01   2.84217094e-14   1.57079633e+00]
 [  2.00000000e+01   2.00000000e+01   1.57079633e+00]
 [  2.00000000e+01   2.00000000e+01   3.14159265e+00]
 [  0.00000000e+00   2.00000000e+01   3.14159265e+00]
 [  0.00000000e+00   2.00000000e+01   4.71238898e+00]
 [  0.00000000e+00   0.00000000e+00   4.71238898e+00]
 [  0.00000000e+00   0.00000000e+00   6.28318531e+00]
 [  2.00000000e+01   0.00000000e+00   6.28318531e+00]
 [  2.00000000e+01   1.13686838e-13   7.85398163e+00]]
 [[  2.00000000e+01   1.13686838e-13   0.00000000e+00]]]

ekf online 5
[[[-11.98899620277016, -31.851163130853379, 1.531736260373856],
[[44.801009417328622, 132.15670253636819, False], [91.418329458147639, -1860.8717600119603, False],
[263.26100844980158, -5930.8176789054796, False], [-277.5241784813482, -2235.3241289941989, False],
[109.36997140002389, -3602.8937197403002, True]]]]

graph offline 4th
[ [[  1.27897692e-13,  -3.19744231e-14 ,  0.00000000e+00],
                 [  2.00000000e+01,  -1.20792265e-13 ,  0.00000000e+00],
                 [  2.00000000e+01,   7.46069873e-14 ,  1.57079633e+00],
                 [  2.00000000e+01 ,  2.00000000e+01 ,  1.57079633e+00],
                 [  2.00000000e+01,   2.00000000e+01 ,  3.14159265e+00],
                 [  5.11590770e-13,   2.00000000e+01 ,  3.14159265e+00],
                 [  4.54414388e-01,   1.19205166e+01 ,  4.71238898e+00],
                 [  4.54414388e-01,  -8.07948337e+00 ,  4.71238898e+00],
                 [  5.22086926e+00,  -9.00822846e+00 ,  6.28318531e+00],
                 [  2.52208693e+01,  -9.00822846e+00 ,  6.28318531e+00],
                 [  2.52208693e+01,  -9.00822846e+00 ,  7.85398163e+00]],
                 [[  25.22086926 ,  -9.00822846 ,   0.        ],
                 [ 803.96424587,  207.91929118  ,  1.        ],
                 [  22.03386467 ,-114.8479274   ,  0.        ],
                 [ -22.83740402, -128.79901561 ,   1.        ],
                 [  27.94030028, -135.16196712  ,  1.        ],
                 [ 127.92546523 ,   6.28145771 ,   1.        ]]]

graph offline 3rd
[ [[  6.39488462e-14   1.42108547e-14   0.00000000e+00]
 [  2.00000000e+01   0.00000000e+00   0.00000000e+00]
 [  2.00000000e+01   1.13686838e-13   1.57079633e+00]
 [  2.00000000e+01   2.00000000e+01   1.57079633e+00]
 [  2.00000000e+01   2.00000000e+01   3.14159265e+00]
 [  2.27373675e-13   2.00000000e+01   3.14159265e+00]
 [ -1.70530257e-13   2.00000000e+01   4.71238898e+00]
 [ -2.27373675e-13   0.00000000e+00   4.71238898e+00]
 [  1.13686838e-13  -4.54747351e-13   6.28318531e+00]
 [  2.00000000e+01   0.00000000e+00   6.28318531e+00]
 [  2.00000000e+01   0.00000000e+00   7.85398163e+00]]
 [[  20.            0.            1.        ]
 [-129.56712368   26.81796177    1.        ]
 [ -88.12348779   56.30355995    0.        ]
 [-549.72801484  110.13412486    1.        ]
 [ -16.09687541  -51.08031784    0.        ]]]


ekf online 2nd
[[[20.0, -3.5527136788005009e-15, 1.5707963267948966]],
                   [[15.447240018620962, -132.07524446846136, True], [-42.010914393328676, -169.96965631662508, False],
                    [196.32277882213006, -559.84403850697947, False], [-14.56964871214833, -114.52679634799296, True],
                    [26.66447594988351, -256.05976717764037, False], [73.85557680178627, -7.5019759169776554, True],
                    [93.588587087151538, 22.449143554279534, False]]]


graph offline 1st
[ [[ -4.26325641e-14 , -2.84217094e-14 ,  0.00000000e+00],
 [  2.00000000e+01,   6.82121026e-13,   0.00000000e+00],
 [  2.00000000e+01,   0.00000000e+00,   1.57079633e+00],
 [  2.00000000e+01,   2.00000000e+01,   1.57079633e+00],
 [  2.00000000e+01,   2.00000000e+01,   3.14159265e+00],
 [  3.41060513e-13,   2.00000000e+01,   3.14159265e+00],
 [ -4.54747351e-13,   2.00000000e+01,   4.71238898e+00],
 [  0.00000000e+00,  -1.36424205e-12,   4.71238898e+00],
 [ -9.09494702e-13,  -9.09494702e-13,   6.28318531e+00],
 [  2.00000000e+01,  -9.09494702e-13,   6.28318531e+00],
 [  2.00000000e+01,  -9.09494702e-13,   7.85398163e+00]],
 [[  2.00000000e+01,  -9.09494702e-13,   1.00000000e+00],
 [  9.23837905e+01,  -1.89636688e+01 ,  1.00000000e+00],
 [  1.20323104e+02,  -3.77069752e+01,   1.00000000e+00],
 [  3.74057764e+01,   9.72239701e+01,   1.00000000e+00],
 [  5.58749870e+01,   1.27972219e+02,   0.00000000e+00],
 [ -9.66143790e+00,   1.42665305e+02,   0.00000000e+00],
 [  2.18016568e+01,   1.18642983e+02,   0.00000000e+00],
 [ -2.30003832e+01,   2.55045592e+02,   1.00000000e+00],
 [  1.20238302e+02,  -1.46782067e+01,   0.00000000e+00],
 [  2.21675317e+02,   2.42186668e+01,   0.00000000e+00],
 [  2.97894995e+02,  -2.79757786e+01,   0.00000000e+00],
 [  1.64137768e+02 ,  1.08157001e+01,   0.00000000e+00],
 [  1.07584475e+01,   1.40248694e+02,   0.00000000e+00]]]


